
===== SEND: DUMP =====
DUMP begin n=9
DUMP,run_id,mode,frames,opens,infer_count,elapsed_ms,fps,open_frac,max_closed_run,mean_mw,mean_v,mean_ma,power_samples
DUMP,9,idle-skip,8248,0,0,330035,24.99,0.0000,8248,492.00,4.8655,101.07,2128
DUMP,10,idle-skip,8248,0,0,330035,24.99,0.0000,8248,492.00,4.8584,101.04,2128
DUMP,11,idle-skip,8248,0,0,330035,24.99,0.0000,8248,492.00,4.8638,101.04,2128
DUMP,12,gate,8248,826,0,330034,24.99,0.1001,9,492.01,4.8584,101.27,2128
DUMP,13,gate,8248,826,0,330033,24.99,0.1001,9,492.00,4.8502,101.30,2128
DUMP,14,gate,8248,826,0,330033,24.99,0.1001,9,492.00,4.8562,101.30,2128
DUMP,15,active,4582,4582,4582,330056,13.88,1.0000,0,662.81,4.8273,137.28,2128
DUMP,16,active,4582,4582,4582,330056,13.88,1.0000,0,661.10,4.8356,136.76,2128
DUMP,17,active,4582,4582,4582,330055,13.88,1.0000,0,656.21,4.7800,137.28,2128
DUMP end
