
===== SEND: DUMP =====
DUMP begin n=12
DUMP,run_id,mode,frames,opens,infer_count,elapsed_ms,fps,open_frac,max_closed_run,mean_mw,mean_v,mean_ma,power_samples
DUMP,9,idle-skip,8248,0,0,330035,24.99,0.0000,8248,492.00,4.8655,101.07,2128
DUMP,10,idle-skip,8248,0,0,330035,24.99,0.0000,8248,492.00,4.8584,101.04,2128
DUMP,11,idle-skip,8248,0,0,330035,24.99,0.0000,8248,492.00,4.8638,101.04,2128
DUMP,12,gate,8248,826,0,330034,24.99,0.1001,9,492.01,4.8584,101.27,2128
DUMP,13,gate,8248,826,0,330033,24.99,0.1001,9,492.00,4.8502,101.30,2128
DUMP,14,gate,8248,826,0,330033,24.99,0.1001,9,492.00,4.8562,101.30,2128
DUMP,15,active,4582,4582,4582,330056,13.88,1.0000,0,662.81,4.8273,137.28,2128
DUMP,16,active,4582,4582,4582,330056,13.88,1.0000,0,661.10,4.8356,136.76,2128
DUMP,17,active,4582,4582,4582,330055,13.88,1.0000,0,656.21,4.7800,137.28,2128
DUMP,18,ctrl-k10,7498,750,750,330031,22.72,0.1000,9,513.55,4.8073,106.92,2128
DUMP,19,ctrl-k5,6873,1375,1375,330030,20.83,0.2001,4,539.64,4.8121,112.15,2128
DUMP,20,ctrl-k2,5499,2750,2750,330101,16.66,0.5001,1,591.56,4.8185,122.77,2129
DUMP end
